[LEFT_CAM_2K]
fx=1068.53
fy=1068.02
cx=1102.47
cy=620.478
k1=-0.0535387
k2=0.0265368
p1=0.000221464
p2=-0.000102603
k3=-0.0106025

[RIGHT_CAM_2K]
fx=1069.16
fy=1069.31
cx=1124.44
cy=644.473
k1=-0.0552266
k2=0.0264878
p1=0.000387485
p2=0.000442777
k3=-0.0100868

[LEFT_CAM_FHD]
fx=1068.53
fy=1068.02
cx=958.47
cy=539.478
k1=-0.0535387
k2=0.0265368
p1=0.000221464
p2=-0.000102603
k3=-0.0106025

[RIGHT_CAM_FHD]
fx=1069.16
fy=1069.31
cx=980.44
cy=563.473
k1=-0.0552266
k2=0.0264878
p1=0.000387485
p2=0.000442777
k3=-0.0100868

[LEFT_CAM_HD]
fx=534.265
fy=534.01
cx=637.735
cy=358.239
k1=-0.0535387
k2=0.0265368
p1=0.000221464
p2=-0.000102603
k3=-0.0106025

[RIGHT_CAM_HD]
fx=534.58
fy=534.655
cx=648.72
cy=370.2365
k1=-0.0552266
k2=0.0264878
p1=0.000387485
p2=0.000442777
k3=-0.0100868

[LEFT_CAM_VGA]
fx=267.1325
fy=267.005
cx=334.3675
cy=186.6195
k1=-0.0535387
k2=0.0265368
p1=0.000221464
p2=-0.000102603
k3=-0.0106025

[RIGHT_CAM_VGA]
fx=267.29
fy=267.3275
cx=339.86
cy=192.61825
k1=-0.0552266
k2=0.0264878
p1=0.000387485
p2=0.000442777
k3=-0.0100868

[LEFT_DISTO]
k1=-0.959058
k2=2.30864
k3=0.141672
k4=-0.858842
k5=2.16035
k6=0.305148
p1=0.00026855
p2=0.000265049

[RIGHT_DISTO]
k1=-0.560782
k2=2.23969
k3=0.163863
k4=-0.451662
k5=2.09641
k6=0.332427
p1=0.000400156
p2=0.000428935

[STEREO]
Baseline=119.717
TY=-0.228942
TZ=0.503536
CV_2K=0.00562002
CV_FHD=0.00562002
CV_HD=0.00562002
CV_VGA=0.00562002
RX_2K=0.00175067
RX_FHD=0.00175067
RX_HD=0.00175067
RX_VGA=0.00175067
RZ_2K=0.00261615
RZ_FHD=0.00261615
RZ_HD=0.00261615
RZ_VGA=0.00261615

[MISC]
Sensor_ID=0

