
image_width: 1600
image_height: 1200
camera_name: camera_0
camera_matrix:
  rows: 3
  cols: 3
  data: [901.6420356468478, 0.0, 811.6759439244629, 0.0, 900.8879463184151, 656.3553110416333, 0.0, 0.0, 1.0]
distortion_model: plumb_bob
distortion_coefficients:
  rows: 1
  cols: 5
  data: [0.04080945465852502, -0.06087470758719142, 0.001410176920558841, 0.0016973496840125906, 0.0032144066969117028]
rectification_matrix:
  rows: 3
  cols: 3
  data: [1.0, 0.0, 0.0, 0.0, 1.0, 0.0, 0.0, 0.0, 1.0]
projection_matrix:
  rows: 3
  cols: 4
  data: [901.6420356468478, 0.0, 811.6759439244629, 0.0, 0.0, 900.8879463184151, 656.3553110416333, 0.0, 0.0, 0.0, 1.0, 0.0]
