
image_width: 1600
image_height: 1200
camera_name: TJ2002
camera_matrix:
  rows: 3
  cols: 3
  data: [927.6221031885719, 0.0, 770.2025298171027, 0.0, 928.3168114531171, 668.9712107449651, 0.0, 0.0, 1.0]
distortion_model: plumb_bob
distortion_coefficients:
  rows: 1
  cols: 5
  data: [0.0413976805114125, -0.0804791047276884, 0.0011519929873323148, -0.0013178858084729821, 0.01966378673080843]
rectification_matrix:
  rows: 3
  cols: 3
  data: [1.0, 0.0, 0.0, 0.0, 1.0, 0.0, 0.0, 0.0, 1.0]
projection_matrix:
  rows: 3
  cols: 4
  data: [927.6221031885719, 0.0, 770.2025298171027, 0.0, 0.0, 928.3168114531171, 668.9712107449651, 0.0, 0.0, 0.0, 1.0, 0.0]
