
image_width: 1600
image_height: 1200
camera_name: TJ2006
camera_matrix:
  rows: 3
  cols: 3
  data: [879.7162829298644, 0.0, 814.9157315089661, 0.0, 889.4871268651748, 639.7645146605151, 0.0, 0.0, 1.0]
distortion_model: plumb_bob
distortion_coefficients:
  rows: 1
  cols: 5
  data: [0.05141134754257047, -0.07971062488195457, 0.0034806430201900986, 4.129983379616696e-05, 0.022107897109798522]
rectification_matrix:
  rows: 3
  cols: 3
  data: [1.0, 0.0, 0.0, 0.0, 1.0, 0.0, 0.0, 0.0, 1.0]
projection_matrix:
  rows: 3
  cols: 4
  data: [879.7162829298644, 0.0, 814.9157315089661, 0.0, 0.0, 889.4871268651748, 639.7645146605151, 0.0, 0.0, 0.0, 1.0, 0.0]
