
image_width: 1600
image_height: 1200
camera_name: TJ2001
camera_matrix:
  rows: 3
  cols: 3
  data: [1202.2607938574927, 0.0, 865.5542880657637, 0.0, 1197.6344829763805, 588.4625785379519, 0.0, 0.0, 1.0]
distortion_model: plumb_bob
distortion_coefficients:
  rows: 1
  cols: 5
  data: [0.06447646773949604, -0.37308677248088334, -0.0008251997633492721, 0.004085494012410038, 0.39572229285826194]
rectification_matrix:
  rows: 3
  cols: 3
  data: [1.0, 0.0, 0.0, 0.0, 1.0, 0.0, 0.0, 0.0, 1.0]
projection_matrix:
  rows: 3
  cols: 4
  data: [1202.2607938574927, 0.0, 865.5542880657637, 0.0, 0.0, 1197.6344829763805, 588.4625785379519, 0.0, 0.0, 0.0, 1.0, 0.0]
