
image_width: 1600
image_height: 1200
camera_name: TJ2002
camera_matrix:
  rows: 3
  cols: 3
  data: [927.6077117918154, 0.0, 770.2034808581902, 0.0, 928.3022243031007, 668.9718190777272, 0.0, 0.0, 1.0]
distortion_model: plumb_bob
distortion_coefficients:
  rows: 1
  cols: 5
  data: [0.04139657669758641, -0.08047485507890667, 0.0011520335055986083, -0.001317793630686109, 0.01966268778191578]
rectification_matrix:
  rows: 3
  cols: 3
  data: [1.0, 0.0, 0.0, 0.0, 1.0, 0.0, 0.0, 0.0, 1.0]
projection_matrix:
  rows: 3
  cols: 4
  data: [927.6077117918154, 0.0, 770.2034808581902, 0.0, 0.0, 928.3022243031007, 668.9718190777272, 0.0, 0.0, 0.0, 1.0, 0.0]
