
image_width: 1600
image_height: 1200
camera_name: TJ2004
camera_matrix:
  rows: 3
  cols: 3
  data: [901.6572928891298, 0.0, 837.3403133477996, 0.0, 908.2740420306274, 653.8731612935679, 0.0, 0.0, 1.0]
distortion_model: plumb_bob
distortion_coefficients:
  rows: 1
  cols: 5
  data: [0.05462080625197644, -0.07978713961338679, 0.004243754162074953, 0.002828364463093481, 0.010586542146144427]
rectification_matrix:
  rows: 3
  cols: 3
  data: [1.0, 0.0, 0.0, 0.0, 1.0, 0.0, 0.0, 0.0, 1.0]
projection_matrix:
  rows: 3
  cols: 4
  data: [901.6572928891298, 0.0, 837.3403133477996, 0.0, 0.0, 908.2740420306274, 653.8731612935679, 0.0, 0.0, 0.0, 1.0, 0.0]
