
image_width: 1600
image_height: 1200
camera_name: TJ2001
camera_matrix:
  rows: 3
  cols: 3
  data: [926.8040347022422, 0.0, 770.2708342917101, 0.0, 932.9342782824115, 668.474090766706, 0.0, 0.0, 1.0]
distortion_model: plumb_bob
distortion_coefficients:
  rows: 1
  cols: 5
  data: [0.0034201658065005592, -0.018186062265947416, 0.0013077258440871886, 0.0004183694853125598, -0.020564686862922853]
rectification_matrix:
  rows: 3
  cols: 3
  data: [1.0, 0.0, 0.0, 0.0, 1.0, 0.0, 0.0, 0.0, 1.0]
projection_matrix:
  rows: 3
  cols: 4
  data: [926.8040347022422, 0.0, 770.2708342917101, 0.0, 0.0, 932.9342782824115, 668.474090766706, 0.0, 0.0, 0.0, 1.0, 0.0]
