
image_width: 1600
image_height: 1200
camera_name: TJ2001
camera_matrix:
  rows: 3
  cols: 3
  data: [926.8880280753873, 0.0, 770.2585880007033, 0.0, 933.0573271374368, 668.5032861167608, 0.0, 0.0, 1.0]
distortion_model: plumb_bob
distortion_coefficients:
  rows: 1
  cols: 5
  data: [0.0027345474934334403, -0.02025480388247272, 0.0012309485370665162, 0.00024082789895662433, -0.017693548583372097]
rectification_matrix:
  rows: 3
  cols: 3
  data: [1.0, 0.0, 0.0, 0.0, 1.0, 0.0, 0.0, 0.0, 1.0]
projection_matrix:
  rows: 3
  cols: 4
  data: [926.8880280753873, 0.0, 770.2585880007033, 0.0, 0.0, 933.0573271374368, 668.5032861167608, 0.0, 0.0, 0.0, 1.0, 0.0]
