
image_width: 1600
image_height: 1200
camera_name: TJ2002
camera_matrix:
  rows: 3
  cols: 3
  data: [927.6274936020309, 0.0, 770.2025213408353, 0.0, 928.3222309933958, 668.9714874061076, 0.0, 0.0, 1.0]
distortion_model: plumb_bob
distortion_coefficients:
  rows: 1
  cols: 5
  data: [0.04139912753442058, -0.08048365190963243, 0.0011519385852862575, -0.0013180434121487698, 0.01966652981796304]
rectification_matrix:
  rows: 3
  cols: 3
  data: [1.0, 0.0, 0.0, 0.0, 1.0, 0.0, 0.0, 0.0, 1.0]
projection_matrix:
  rows: 3
  cols: 4
  data: [927.6274936020309, 0.0, 770.2025213408353, 0.0, 0.0, 928.3222309933958, 668.9714874061076, 0.0, 0.0, 0.0, 1.0, 0.0]
