
image_width: 1600
image_height: 1200
camera_name: TJ2001
camera_matrix:
  rows: 3
  cols: 3
  data: [1799.76059097678, 0.0, 827.7515204350402, 0.0, 1794.326140785167, 570.3080106799379, 0.0, 0.0, 1.0]
distortion_model: plumb_bob
distortion_coefficients:
  rows: 1
  cols: 5
  data: [0.07208700651026054, -1.3017106485058738, 0.004064413432286065, 0.016822029597857113, 2.8414988189369867]
rectification_matrix:
  rows: 3
  cols: 3
  data: [1.0, 0.0, 0.0, 0.0, 1.0, 0.0, 0.0, 0.0, 1.0]
projection_matrix:
  rows: 3
  cols: 4
  data: [1799.76059097678, 0.0, 827.7515204350402, 0.0, 0.0, 1794.326140785167, 570.3080106799379, 0.0, 0.0, 0.0, 1.0, 0.0]
