angle_min: -3.14159
angle_max: 3.14159
angle_increment: 0.008726
scan_time: 0.1
range_min: 0.15
range_max: 12
