
image_width: 1600
image_height: 1200
camera_name: TJ2005
camera_matrix:
  rows: 3
  cols: 3
  data: [909.0324644028968, 0.0, 796.0165811511921, 0.0, 913.9590007032824, 708.3369811595235, 0.0, 0.0, 1.0]
distortion_model: plumb_bob
distortion_coefficients:
  rows: 1
  cols: 5
  data: [0.05463724808728737, -0.07353800880652295, 0.002110986118401279, 0.001801394931951872, 0.014045052053489833]
rectification_matrix:
  rows: 3
  cols: 3
  data: [1.0, 0.0, 0.0, 0.0, 1.0, 0.0, 0.0, 0.0, 1.0]
projection_matrix:
  rows: 3
  cols: 4
  data: [909.0324644028968, 0.0, 796.0165811511921, 0.0, 0.0, 913.9590007032824, 708.3369811595235, 0.0, 0.0, 0.0, 1.0, 0.0]
