
image_width: 1600
image_height: 1200
camera_name: TJ2002
camera_matrix:
  rows: 3
  cols: 3
  data: [895.6281816305668, 0.0, 772.8788786170232, 0.0, 902.0441611646845, 668.9612332169407, 0.0, 0.0, 1.0]
distortion_model: plumb_bob
distortion_coefficients:
  rows: 1
  cols: 5
  data: [0.04554700837149796, -0.0641114739964056, -0.000506156091375563, -0.0004062934595443862, 0.011668773524376607]
rectification_matrix:
  rows: 3
  cols: 3
  data: [1.0, 0.0, 0.0, 0.0, 1.0, 0.0, 0.0, 0.0, 1.0]
projection_matrix:
  rows: 3
  cols: 4
  data: [895.6281816305668, 0.0, 772.8788786170232, 0.0, 0.0, 902.0441611646845, 668.9612332169407, 0.0, 0.0, 0.0, 1.0, 0.0]
