image: /root/ros_ws/src/tj2_ros/tj2_laser_slam/maps/br-114-2023-01-21.pgm
resolution: 0.050000
origin: [-15.000000, -15.000000, 0.000000]
negate: 0
occupied_thresh: 0.65
free_thresh: 0.196

