red_start_1: [3.3755, 5.2734, 1.1976]
red_point_a_1: [3.9103, 7.5306, -1.8163]  # first object pickup
red_point_b_1: [2.5479, 2.7430, 1.2272]  # low goal shoot
red_end_1: [5.5152, 6.2817, -2.3047]  # second object pickup

red_start_2: [3.9579, 3.7828, -0.3120]
red_point_a_2: [5.5152, 6.2817, -2.3047]
red_point_b_2: [1.9747, 4.6038, -0.4693]
red_end_2: [3.9103, 7.5306, -1.8163]

blue_start_1: [2.5874, 3.2181, -1.9648]
blue_point_a_1: [2.2046, 1.0033, 1.3244]
blue_point_b_1: [3.5198, 5.3763, -1.9385]
blue_end_1: [0.3167, 2.2104, 0.7197]

blue_start_2: [2.1401, 4.5580, 2.7362]
blue_point_a_2: [0.3167, 2.2104, 0.7197]
blue_point_b_2: [4.2252, 3.5560, 2.7197]
blue_end_2: [2.2046, 1.0033, 1.3244]

center: [2.98145, 4.24575, 0.9]
