center: [0.0, 0.0, 0.0]

hanger_se: [5.16546615, -1.37152276, 0.0]
hanger_ne: [5.16546615, -3.81976436, 0.0]
hanger_nw: [7.92487724, -3.81976436, 0.0]
hanger_sw: [7.92487724, -1.37152276, 0.0]

lower_bar_n: [4.95096800, -3.97484600, 0.0]
mid_bar_n: [6.01727757, -3.97484600, 0.0]
high_bar_n: [6.62687757, -3.97484600, 0.0]
trav_bar_n: [7.23647757, -3.97484600, 0.0]

lower_bar_s: [4.95096800, -1.21894600, 0.0]
mid_bar_s: [6.01727757, -1.21894600, 0.0]
high_bar_s: [6.62687757, -1.21894600, 0.0]
trav_bar_s: [7.23647757, -1.21894600, 0.0]

hub_pt1: [1.17645882, 0.66281202, 0.0]
hub_pt2: [1.39074830, 1.05015934, 0.0]
hub_pt3: [1.71101273, 0.33083365, 0.0]
hub_pt4: [1.28235270, 0.42497046, 0.0]
hub_pt5: [0.52344410, 0.08708258, 0.0]
hub_pt6: [0.41496743, 0.33072515, 0.0]

hub_pt1_r: [-0.6628120199999998, 1.17645882, 0.0]
hub_pt2_r: [-1.05015934, 1.3907483, 0.0]
hub_pt3_r: [-0.33083364999999987, 1.71101273, 0.0]
hub_pt4_r: [-0.42497045999999994, 1.2823527, 0.0]
hub_pt5_r: [-0.08708257999999998, 0.5234441, 0.0]
hub_pt6_r: [-0.33072515, 0.41496743, 0.0]
