
image_width: 1600
image_height: 1200
camera_name: TJ2003
camera_matrix:
  rows: 3
  cols: 3
  data: [914.2957408809768, 0.0, 812.9966902190104, 0.0, 919.7913360849809, 667.6233694129422, 0.0, 0.0, 1.0]
distortion_model: plumb_bob
distortion_coefficients:
  rows: 1
  cols: 5
  data: [0.05033364061463825, -0.07459498685175125, 0.0009870614631121036, -0.0016951066576637098, 0.016544310912680518]
rectification_matrix:
  rows: 3
  cols: 3
  data: [1.0, 0.0, 0.0, 0.0, 1.0, 0.0, 0.0, 0.0, 1.0]
projection_matrix:
  rows: 3
  cols: 4
  data: [914.2957408809768, 0.0, 812.9966902190104, 0.0, 0.0, 919.7913360849809, 667.6233694129422, 0.0, 0.0, 0.0, 1.0, 0.0]
