
image_width: 800
image_height: 600
camera_name: 
camera_matrix:
  rows: 3
  cols: 3
  data: [457.1478704404884, 0.0, 406.4983451095052, 0.0, 459.89566804249046, 333.8116847064711, 0.0, 0.0, 1.0]
distortion_model: plumb_bob
distortion_coefficients:
  rows: 1
  cols: 5
  data: [0.05033364061463825, -0.07459498685175125, 0.0009870614631121036, -0.0016951066576637098, 0.016544310912680518]
rectification_matrix:
  rows: 3
  cols: 3
  data: [1.0, 0.0, 0.0, 0.0, 1.0, 0.0, 0.0, 0.0, 1.0]
projection_matrix:
  rows: 3
  cols: 4
  data: [457.1478704404884, 0.0, 406.4983451095052, 0.0, 0.0, 459.89566804249046, 333.8116847064711, 0.0, 0.0, 0.0, 1.0, 0.0]
