
image_width: 800
image_height: 600
camera_name: TJ2005
camera_matrix:
  rows: 3
  cols: 3
  data: [454.5162322014484, 0.0, 398.00829057559605, 0.0, 456.9795003516412, 354.16849057976174, 0.0, 0.0, 1.0]
distortion_model: plumb_bob
distortion_coefficients:
  rows: 1
  cols: 5
  data: [0.05463724808728737, -0.07353800880652295, 0.002110986118401279, 0.001801394931951872, 0.014045052053489833]
rectification_matrix:
  rows: 3
  cols: 3
  data: [1.0, 0.0, 0.0, 0.0, 1.0, 0.0, 0.0, 0.0, 1.0]
projection_matrix:
  rows: 3
  cols: 4
  data: [454.5162322014484, 0.0, 398.00829057559605, 0.0, 0.0, 456.9795003516412, 354.16849057976174, 0.0, 0.0, 0.0, 1.0, 0.0]
