
image_width: 1600
image_height: 1200
camera_name: TJ2007
camera_matrix:
  rows: 3
  cols: 3
  data: [900.9151581707807, 0.0, 833.9826023817444, 0.0, 907.3915431754481, 679.8718191428092, 0.0, 0.0, 1.0]
distortion_model: plumb_bob
distortion_coefficients:
  rows: 1
  cols: 5
  data: [0.056797220017806266, -0.07645427428281255, 0.0011870235505352213, -0.0022124782718073053, 0.0034267630099271435]
rectification_matrix:
  rows: 3
  cols: 3
  data: [1.0, 0.0, 0.0, 0.0, 1.0, 0.0, 0.0, 0.0, 1.0]
projection_matrix:
  rows: 3
  cols: 4
  data: [900.9151581707807, 0.0, 833.9826023817444, 0.0, 0.0, 907.3915431754481, 679.8718191428092, 0.0, 0.0, 0.0, 1.0, 0.0]
