
image_width: 800
image_height: 600
camera_name: 
camera_matrix:
  rows: 3
  cols: 3
  data: [450.8286464445649, 0.0, 418.6701566738998, 0.0, 454.1370210153137, 326.93658064678397, 0.0, 0.0, 1.0]
distortion_model: plumb_bob
distortion_coefficients:
  rows: 1
  cols: 5
  data: [0.05462080625197644, -0.07978713961338679, 0.004243754162074953, 0.002828364463093481, 0.010586542146144427]
rectification_matrix:
  rows: 3
  cols: 3
  data: [1.0, 0.0, 0.0, 0.0, 1.0, 0.0, 0.0, 0.0, 1.0]
projection_matrix:
  rows: 3
  cols: 4
  data: [450.8286464445649, 0.0, 418.6701566738998, 0.0, 0.0, 454.1370210153137, 326.93658064678397, 0.0, 0.0, 0.0, 1.0, 0.0]
