
image_width: 1600
image_height: 1200
camera_name: TJ2007
camera_matrix:
  rows: 3
  cols: 3
  data: [883.2473106081043, 0.0, 848.1628794367429, 0.0, 883.4831503039534, 659.5346302337232, 0.0, 0.0, 1.0]
distortion_model: plumb_bob
distortion_coefficients:
  rows: 1
  cols: 5
  data: [0.04471300858803805, -0.09387492904509874, -0.005876769990254326, 0.0019606242290561428, 0.02956036215544239]
rectification_matrix:
  rows: 3
  cols: 3
  data: [1.0, 0.0, 0.0, 0.0, 1.0, 0.0, 0.0, 0.0, 1.0]
projection_matrix:
  rows: 3
  cols: 4
  data: [883.2473106081043, 0.0, 848.1628794367429, 0.0, 0.0, 883.4831503039534, 659.5346302337232, 0.0, 0.0, 0.0, 1.0, 0.0]
