
image_width: 1600
image_height: 1200
camera_name: TJ2001
camera_matrix:
  rows: 3
  cols: 3
  data: [915.8778970169399, 0.0, 845.2045414529405, 0.0, 923.1549601450719, 647.1340503902082, 0.0, 0.0, 1.0]
distortion_model: plumb_bob
distortion_coefficients:
  rows: 1
  cols: 5
  data: [0.05841502662660612, -0.08989114979959605, 0.00024756202376930597, -0.00012006074852497953, 0.027670558523609307]
rectification_matrix:
  rows: 3
  cols: 3
  data: [1.0, 0.0, 0.0, 0.0, 1.0, 0.0, 0.0, 0.0, 1.0]
projection_matrix:
  rows: 3
  cols: 4
  data: [915.8778970169399, 0.0, 845.2045414529405, 0.0, 0.0, 923.1549601450719, 647.1340503902082, 0.0, 0.0, 0.0, 1.0, 0.0]
