
image_width: 1600
image_height: 1200
camera_name: TJ2008
camera_matrix:
  rows: 3
  cols: 3
  data: [895.4430886320766, 0.0, 788.1200438710448, 0.0, 902.6006148911691, 701.9313934950176, 0.0, 0.0, 1.0]
distortion_model: plumb_bob
distortion_coefficients:
  rows: 1
  cols: 5
  data: [0.05540368837011245, -0.09258540122684181, 0.0015966601593480224, -9.723145662210358e-06, 0.02892693811877008]
rectification_matrix:
  rows: 3
  cols: 3
  data: [1.0, 0.0, 0.0, 0.0, 1.0, 0.0, 0.0, 0.0, 1.0]
projection_matrix:
  rows: 3
  cols: 4
  data: [895.4430886320766, 0.0, 788.1200438710448, 0.0, 0.0, 902.6006148911691, 701.9313934950176, 0.0, 0.0, 0.0, 1.0, 0.0]
