
image_width: 800
image_height: 600
camera_name: TJ2008
camera_matrix:
  rows: 3
  cols: 3
  data: [447.7215443160383, 0.0, 394.0600219355224, 0.0, 451.30030744558456, 350.9656967475088, 0.0, 0.0, 1.0]
distortion_model: plumb_bob
distortion_coefficients:
  rows: 1
  cols: 5
  data: [0.05540368837011245, -0.09258540122684181, 0.0015966601593480224, -9.723145662210358e-06, 0.02892693811877008]
rectification_matrix:
  rows: 3
  cols: 3
  data: [1.0, 0.0, 0.0, 0.0, 1.0, 0.0, 0.0, 0.0, 1.0]
projection_matrix:
  rows: 3
  cols: 4
  data: [447.7215443160383, 0.0, 394.0600219355224, 0.0, 0.0, 451.30030744558456, 350.9656967475088, 0.0, 0.0, 0.0, 1.0, 0.0]
