
image_width: 1600
image_height: 1200
camera_name: UC622
camera_matrix:
  rows: 3
  cols: 3
  data: [897.7999147213081, 0.0, 797.5282185164821, 0.0, 898.4175191927196, 614.9337143651248, 0.0, 0.0, 1.0]
distortion_model: plumb_bob
distortion_coefficients:
  rows: 1
  cols: 5
  data: [0.02813679983587601, -0.04256448836622121, -0.005784466451143627, -0.0009441892192500773, -0.004374779151526731]
rectification_matrix:
  rows: 3
  cols: 3
  data: [1.0, 0.0, 0.0, 0.0, 1.0, 0.0, 0.0, 0.0, 1.0]
projection_matrix:
  rows: 3
  cols: 4
  data: [897.7999147213081, 0.0, 797.5282185164821, 0.0, 0.0, 898.4175191927196, 614.9337143651248, 0.0, 0.0, 0.0, 1.0, 0.0]
